Game Is WIN.
KTS	 ID	 FD	 KD	 LT
13	12	0	8	8
14	31	10	2	12
14	1	0	12	12
20	21	10	8	18
24	24	22	0	22
25	11	3	20	23
26	22	23	2	25
26	35	19	1	20
34	18	6	27	33
34	25	4	28	32
35	28	4	29	33
40	4	1	37	38
44	39	25	19	44
45	7	10	33	43
46	16	41	3	44
46	30	21	22	43
47	36	24	22	46
49	20	41	6	47
50	6	4	45	49
56	3	1	53	54
56	37	5	50	55
58	17	4	52	56
59	2	0	56	56
65	8	11	51	62
67	32	28	37	65
68	13	3	63	66
68	27	28	38	66
69	10	3	64	67
71	14	0	65	65
74	29	35	37	72
74	19	20	50	70
75	40	13	60	73
80	33	35	43	78
81	26	35	44	79
82	5	21	57	78
83	15	22	59	81
83	9	0	78	78
84	40	13	69	82
85	23	35	48	83
92	34	19	71	90
99	38	22	74	96
.................................
.................................
Castle Total Damage:		-26.2962
Total Enemies:		41
Average First Shot Delay:		15.1463
Average Kill Delay:		37.6341
